4shared.com
18.27,-64.37

pillsmsle.ru
25.017,121.45
53.55,10
25.017,121.45
31.7683,35.2137
44.8186,20.4681
47.005,28.858
25.017,121.45
14.583,121
37.567,127
16.6933,74.2287

pillsmslf.ru
13.7539,100.502
32.067,34.767
21.0333,105.85
35.6961,51.4231
14.583,121
25.017,121.45
25.017,121.45
25.017,121.45
22.633,120.35
37.567,127

secorder.net

shimedicx.ru
29,120

wikipedia.org
37.7002,-122.406

seed4store.net

healthstoreus.net

yandex.ru
55.7558,37.6176
55.75,37.583
55.75,37.583
59.912,29.745
55.7558,37.6176
56.637,47.871

google.pl
37.3956,-122.076
37.3956,-122.076
37.3956,-122.076
37.3956,-122.076
37.3956,-122.076
37.3956,-122.076

tmall.com
23.117,113.25
30.255,120.169

huffingtonpost.com
40.7488,-73.9846

baidu.com
39.9,116.413
39.9,116.413
39.9,116.413

pillsvret.ru
37.567,127
28.6328,77.2195
19.174,73.021
29.615,52.539
25.017,121.45
31.7683,35.2137
25.017,121.45
16.6933,74.2287
-41.2865,174.776
25.017,121.45

popillsfx.ru
25.017,121.45
25.017,121.45
25.017,121.45
47.005,28.858
25.017,121.45
25.017,121.45
19.174,73.021
25.017,121.45
55.75,37.583
55.75,37.583

wordpress.com
38.9048,-77.0354
35.5822,-80.8122
33.0404,-96.7238

addthis.com
38.9048,-77.0354

netflix.com
37.2065,-121.965

craigslist.org
39.798,-121.843

youporn.com
32.7961,-96.8024
32.7961,-96.8024
32.7961,-96.8024
32.7961,-96.8024
32.7961,-96.8024
32.7961,-96.8024
32.7961,-96.8024
32.7961,-96.8024

rxdrugsth58.ru
55.7558,37.6176
45.8,16
44.8186,20.4681
40.734,-74.1852
47.5,19.083
37.5168,-77.4652
17.391,78.4712
48.8542,2.34486
45.55,10.25
25.017,121.45

about.com
42.7191,-84.5602

zontylux.ru
50.45,30.5233
40.1535,-74.8446
37.377,-5.987
52.517,13.4
52.25,21

cnn.com
33.809,-84.3548
33.809,-84.3548
33.809,-84.3548
33.809,-84.3548
33.809,-84.3548
33.809,-84.3548

blogspot.com
40.2872,-121.096

imgur.com
40.7488,-73.9846
40.7488,-73.9846

nytimes.com
40.7488,-73.9846

flickr.com
40.7488,-73.9846

google.it
37.3956,-122.076
37.3956,-122.076
37.3956,-122.076
37.3956,-122.076
37.3956,-122.076
37.3956,-122.076

altermeds.net

pillsetw.ru
29,120

stumbleupon.com
37.2065,-121.965

microsoft.com
47.6738,-122.089
47.6738,-122.089

ask.com
26.731,-80.1157

renren.com
39.9,116.413

google.nl
37.3956,-122.076
37.3956,-122.076
37.3956,-122.076
37.3956,-122.076
37.3956,-122.076
37.3956,-122.076

tudou.com
31.109,121.368

steady-save.com

alipay.com
30.255,120.169

google.com.br
37.3956,-122.076
37.3956,-122.076
37.3956,-122.076
37.3956,-122.076
37.3956,-122.076
37.3956,-122.076

storemexus.net

163.com
39.9,116.413
39.9,116.413
39.9,116.413
39.9,116.413
39.9,116.413
39.9,116.413

dailymotion.com
48.8567,2.35099
48.8567,2.35099

google.fr
37.3956,-122.076
37.3956,-122.076
37.3956,-122.076
37.3956,-122.076
37.3956,-122.076
37.3956,-122.076

xforpills.ru
44.433,26.1

casinoelegance.com
45.5,-73.583
45.5,-73.583
38.9048,-77.0354
38.9048,-77.0354
38.9048,-77.0354
45.5,-73.583
38.9048,-77.0354
38.9048,-77.0354

google.co.jp
37.3956,-122.076
33.809,-84.3548
33.809,-84.3548

touchprorx.com

vkontakte.ru
55.7558,37.6176
55.7558,37.6176
55.7558,37.6176
55.7558,37.6176
56.333,44
56.333,44
55.7558,37.6176
55.7558,37.6176

espn.go.com
26.3698,-80.1276

taobao.com
30.255,120.169
23.117,113.25

google.com.au
37.3956,-122.076
37.3956,-122.076
37.3956,-122.076
37.3956,-122.076
37.3956,-122.076
37.3956,-122.076

pricechatrx.com

info-rating.net

pharmacypl20.com
42.001,21.434
41.7683,-72.6817
38.998,-84.6392
55.75,37.583
50.267,19.017
32.084,34.8878
28.6353,77.225
48.8542,2.34486
25.017,121.45
45.8,16

amazon.com
47.6014,-122.33
47.6014,-122.33
47.6014,-122.33

leadpharmacy.com

cnzz.com
39.9,116.413

google.com.mx
37.3956,-122.076
37.3956,-122.076
37.3956,-122.076
37.3956,-122.076
37.3956,-122.076
37.3956,-122.076

teenusoheigh.com
50.45,30.5233
46.055,14.514
43.667,-79.417
24.9933,121.306
25.017,121.45
28.6328,77.2195
-41.2865,174.776
55.75,37.583
25.017,121.45
19.0158,72.8599

bbc.co.uk
54.167,-4.48211

cnet.com
26.3698,-80.1276
37.7002,-122.406

tumblr.com
32.7961,-96.8024

adobe.com
37.3169,-121.874

xhamster.com
52.35,4.917
52.35,4.917
52.35,4.917
52.35,4.917
52.35,4.917

medicaqch.ru
21.0333,105.85
24.9933,121.306
14.583,121
32.067,34.767
46.055,14.514
34.015,-6.83272
19.0158,72.8599
43.667,-79.417
37.567,127
19.174,73.021

pillsrcen.ru
44.433,26.1

zedo.com
33.6681,-88.7618

soso.com
22.533,114.133

josemedic.ru
55.75,37.583
40.7488,-73.9846
34.015,-6.83272
32.067,34.767
19.0158,72.8599
28.6328,77.2195
-41.2865,174.776
25.017,121.45
13.7539,100.502
50.45,30.5233

msn.com
40.7488,-73.9846

pharmlead.net

ameblo.jp
35.7,139.767

healthstoreus.com

ebay.com
21.3084,-157.846
21.3084,-157.846
43.8338,-83.2671
43.8338,-83.2671

live.com
40.7488,-73.9846

soundmeds.com

storefrontv.com

xvideos.com
40.6594,-73.9625
40.6594,-73.9625
40.6594,-73.9625
40.6594,-73.9625
40.6594,-73.9625
40.6594,-73.9625
40.6594,-73.9625
40.6594,-73.9625

ebay.co.uk
37.2849,-121.951
21.3084,-157.846

mediafire.com
30.0935,-95.4664
30.0935,-95.4664

youku.com
39.9,116.413
39.9,116.413
42.7683,129.336
39.9,116.413
33,120
23.283,116.583

mail.ru
55.7558,37.6176
55.7558,37.6176
55.7558,37.6176
55.7558,37.6176

megaclick.com
45.4793,-122.689

livejasmin.com
32.633,-16.9

pillswov.com
47.005,28.858
35.6961,51.4231
19.174,73.021
25.017,121.45
29.615,52.539
22.633,120.35
55.75,37.583
28.6353,77.225
50.267,19.017
25.017,121.45

google.com.hk
37.3956,-122.076
37.3956,-122.076
37.3956,-122.076
37.3956,-122.076
37.3956,-122.076
37.3956,-122.076

google.co.in
37.3956,-122.076
37.3956,-122.076
37.3956,-122.076
37.3956,-122.076
37.3956,-122.076
37.3956,-122.076

asepills.ru
32.067,34.767
43.667,-79.417
47.005,28.858
24.9933,121.306
31.7683,35.2137
13.7539,100.502
21.0333,105.85
53.55,10
50.267,19.017
19.174,73.021

google.com.sa
37.3956,-122.076
37.3956,-122.076
37.3956,-122.076
37.3956,-122.076
37.3956,-122.076
37.3956,-122.076

google.co.id
37.3956,-122.076
37.3956,-122.076
37.3956,-122.076
37.3956,-122.076
37.3956,-122.076
37.3956,-122.076

ropillsfx.ru
50.267,19.017
16.6933,74.2287
24.9933,121.306
25.017,121.45
25.017,121.45
43.667,-79.417
47.005,28.858
22.633,120.35
25.017,121.45
35.6961,51.4231

pillsnoad.ru
44.433,26.1

wordpress.org
38.9048,-77.0354
38.9048,-77.0354

twitter.com
37.7002,-122.406
37.7002,-122.406
37.7002,-122.406

onlinelovepills.com

google.de
37.3956,-122.076
37.3956,-122.076
37.3956,-122.076
37.3956,-122.076
37.3956,-122.076
37.3956,-122.076

orderfasten.com

yahoo.com
34.0452,-118.284
41.865,-87.6718
37.3779,-122.027
37.3779,-122.027
37.3779,-122.027

nullmedic.ru
50.45,30.5233
25.017,121.45
28.6328,77.2195
19.174,73.021
29.615,52.539
25.017,121.45
35.6961,51.4231
55.75,37.583
25.017,121.45
25.017,121.45

yahoo.co.jp
35.6895,139.692
35.6895,139.692

pharmarxng19.com
50.267,19.017
25.017,121.45
55.7558,37.6176
48.8542,2.34486
44.433,26.1
25.017,121.45
52.5234,13.4114
25.017,121.45
28.6353,77.225
49.267,-122.783

gate-refillrx365.ru
38.9048,-77.0354
42.3337,-71.1298
41.6713,-81.3348
42.4763,-83.2389
41.1836,-73.1859
37.7002,-122.406
39.0403,-77.489
38.6355,-90.2831

apple.com
38.9048,-77.0354
38.9048,-77.0354

babylon.com
48.8567,2.35099

amazon.de
53.3441,-6.26749
53.3441,-6.26749
53.3441,-6.26749

onlinelovepills.net

google.com.tr
37.3956,-122.076
37.3956,-122.076
37.3956,-122.076
37.3956,-122.076
37.3956,-122.076
37.3956,-122.076

alibaba.com
37.3585,-121.963

pillsdxck.ru
53.55,10
28.6328,77.2195
21.0333,105.85
25.017,121.45
16.6933,74.2287
19.174,73.021
28.6353,77.225
25.017,121.45
25.017,121.45
24.9933,121.306

get4meds.com

pillsmsli.ru
25.017,121.45
50.267,19.017
25.017,121.45
16.6933,74.2287
25.017,121.45
25.017,121.45
25.017,121.45
25.017,121.45
28.6353,77.225
28.6328,77.2195

doubleclick.com
39.868,-104.971

google.es
37.3956,-122.076
37.3956,-122.076
37.3956,-122.076
37.3956,-122.076
37.3956,-122.076
37.3956,-122.076

aol.com
38.9623,-77.3442
45.1005,-92.2996
38.9623,-77.3442
38.9623,-77.3442
38.9623,-77.3442

qq.com
39.133,117.2
39.133,117.2

paypal.com
37.2849,-121.951
37.2849,-121.951

fajxpills.ru
50.267,19.017
24.9933,121.306
-41.2865,174.776
25.017,121.45
55.75,37.583
25.017,121.45
32.067,34.767
31.7683,35.2137
25.017,121.45
47.005,28.858

google.co.uk
37.3956,-122.076
37.3956,-122.076
37.3956,-122.076
37.3956,-122.076
37.3956,-122.076
37.3956,-122.076

addprorx.com

twitpic.com
32.7961,-96.8024

megaupload.com
39.0403,-77.489
39.0403,-77.489
39.0403,-77.489
39.0403,-77.489
39.0403,-77.489

medicaqar.ru
32.067,34.767
35.6961,51.4231
25.017,121.45
13.7539,100.502
25.017,121.45
16.6933,74.2287
50.45,30.5233
28.6328,77.2195
-41.2865,174.776
24.9933,121.306

youtube.com
37.3956,-122.076
37.3956,-122.076
37.3956,-122.076
37.3956,-122.076

sohu.com
39.9,116.413
39.9,116.413

rakuten.co.jp
35.7,139.767

myspace.com
34.0749,-118.399
34.0749,-118.399

google.ru
37.3956,-122.076
37.3956,-122.076
37.3956,-122.076
37.3956,-122.076
37.3956,-122.076
37.3956,-122.076

gejxpills.ru
50.267,19.017
55.75,37.583
53.55,10
21.0333,105.85
25.017,121.45
32.067,34.767
28.6353,77.225
37.567,127
35.6961,51.4231
43.667,-79.417

hot-refillrx365.ru

linkedin.com
37.3956,-122.076

medicaqci.ru
25.017,121.45
46.055,14.514
21.0333,105.85
53.55,10
25.017,121.45
-41.2865,174.776
25.017,121.45
25.017,121.45
24.9933,121.306
19.174,73.021

thepiratebay.org
52.5234,13.4114

bing.com
40.7488,-73.9846

weibo.com
39.9,116.413

smyvdoctor.ru
25.017,121.45
55.75,37.583
16.6933,74.2287
47.005,28.858
55.75,37.583
25.017,121.45
13.7539,100.502
25.017,121.45
24.9933,121.306
25.017,121.45

livedoor.com
35.7,139.767

us-search-shop.com

facebook.com
37.4404,-122.14
37.4404,-122.14
37.4404,-122.14

pornhub.com
38.9048,-77.0354
38.9048,-77.0354
38.9048,-77.0354
38.9048,-77.0354
38.9048,-77.0354
38.9048,-77.0354
38.9048,-77.0354
38.9048,-77.0354
38.9048,-77.0354
38.9048,-77.0354
38.9048,-77.0354
38.9048,-77.0354

badoo.com
38.9048,-77.0354
38.9048,-77.0354

mupills.com
28.6353,77.225
45.55,10.25
24.9933,121.306
42.001,21.434
55.75,37.583
25.017,121.45
25.017,121.45
41.7683,-72.6817
48.8542,2.34486
48.8542,2.34486

leadpharm.net

pupillsfx.ru
24.9933,121.306
-41.2865,174.776
50.267,19.017
31.7683,35.2137
25.017,121.45
47.005,28.858
25.017,121.45
25.017,121.45
25.017,121.45
19.174,73.021

rxpharmacyte27.ru
17.391,78.4712
49.267,-122.783
52.5234,13.4114
25.017,121.45
32.084,34.8878
23.033,72.617
45.55,10.25
25.017,121.45
33.4979,-112.081
55.75,37.583

livejournal.com
37.7002,-122.406

pharmacylivx.ru
29,120

uol.com.br
-22.9,-43.233
-22.9,-43.233

meds-123.ru

medickw.ru
29,120

topmostoutlet.com

godaddy.com
38.9048,-77.0354

pillstole.ru
55.75,37.583
25.017,121.45
13.7539,100.502
35.6961,51.4231
44.8186,20.4681
47.005,28.858
28.6328,77.2195
25.017,121.45
50.45,30.5233
37.567,127

go.com
34.184,-118.317

pushmedic.ru
25.017,121.45
22.633,120.35
35.6961,51.4231
-41.2865,174.776
16.6933,74.2287
24.9933,121.306
44.8186,20.4681
25.017,121.45
25.017,121.45
25.017,121.45

ebay.de
37.2849,-121.951
21.3084,-157.846

fc2.com
36.1543,-115.172

google.ca
37.3956,-122.076
37.3956,-122.076
37.3956,-122.076
37.3956,-122.076
37.3956,-122.076
37.3956,-122.076

imdb.com
47.6014,-122.33
39.1076,-76.8404
40.7488,-73.9846

google.com
37.3956,-122.076
37.3956,-122.076
37.3956,-122.076
37.3956,-122.076
37.3956,-122.076
37.3956,-122.076

