4shared.com
38.9048,-77.0354
37.3956,-122.076
38.9048,-77.0354

pillsmsle.ru

pillsmslf.ru

secorder.net

shimedicx.ru

wikipedia.org
37.7002,-122.406
37.3956,-122.076
37.7002,-122.406
52.35,4.917

seed4store.net

healthstoreus.net

yandex.ru
55.75,37.583
37.3956,-122.076
59.912,29.745
55.7558,37.6176
55.75,37.583

google.pl
40.7488,-73.9846
37.3956,-122.076
37.3956,-122.076
37.3956,-122.076
37.3956,-122.076

tmall.com
37.3956,-122.076
30.255,120.169
30.255,120.169

huffingtonpost.com
40.7488,-73.9846
37.3956,-122.076
40.7488,-73.9846
40.7488,-73.9846
40.7488,-73.9846
40.7488,-73.9846

baidu.com
39.9,116.413
37.3956,-122.076
39.9,116.413
39.9,116.413
39.9,116.413

pillsvret.ru

popillsfx.ru

wordpress.com
38.9048,-77.0354
37.3956,-122.076
38.9048,-77.0354
37.316,-122.06
38.9048,-77.0354
29.5614,-98.4126
38.9048,-77.0354

addthis.com
38.9048,-77.0354
37.3956,-122.076
35.7,139.767
36.1543,-115.172
38.9048,-77.0354
52.35,4.917
54.167,-4.48211
54.167,-4.48211

netflix.com
40.7488,-73.9846
37.3956,-122.076
40.7488,-73.9846
37.7993,-122.24
40.7488,-73.9846
37.7993,-122.24
40.7488,-73.9846

craigslist.org
37.7002,-122.406
37.3956,-122.076
39.798,-121.843
37.7002,-122.406
39.798,-121.843

youporn.com
38.9048,-77.0354
37.3956,-122.076
32.7961,-96.8024
32.7961,-96.8024
38.9623,-77.3442
38.9623,-77.3442

rxdrugsth58.ru

about.com
40.7229,-74.3006
37.3956,-122.076
40.7488,-73.9846
40.7229,-74.3006
40.7488,-73.9846
40.7488,-73.9846
40.7488,-73.9846

zontylux.ru
-23.4733,-46.6658
37.3956,-122.076
35.2169,-80.8383
40.9469,-74.2936
40.1535,-74.8446
37.7002,-122.406

cnn.com
40.7488,-73.9846
37.3956,-122.076
40.7488,-73.9846
37.7993,-122.24

blogspot.com
37.3956,-122.076
37.3956,-122.076
37.3956,-122.076
40.7488,-73.9846
37.3956,-122.076

imgur.com
40.7488,-73.9846
37.3956,-122.076
40.7488,-73.9846
38.4464,-122.704

nytimes.com
40.7229,-74.3006
37.3956,-122.076
40.7229,-74.3006
39.6333,-104.952

flickr.com
37.3779,-122.027
37.3956,-122.076
37.3779,-122.027
37.3779,-122.027
25.017,121.45
19.0158,72.8599

google.it
37.3956,-122.076
37.3956,-122.076
40.7488,-73.9846
37.3956,-122.076
37.3956,-122.076

altermeds.net

pillsetw.ru

stumbleupon.com
42.9832,-71.4517
37.3956,-122.076
42.9832,-71.4517
42.9832,-71.4517
42.9832,-71.4517

microsoft.com
40.7488,-73.9846
37.3956,-122.076
40.7488,-73.9846
38.9048,-77.0354
51.517,-0.105

ask.com
26.731,-80.1157
37.3956,-122.076
47.3935,-120.329
26.731,-80.1157
47.3935,-120.329

renren.com
39.133,117.2
37.3956,-122.076
39.9,116.413
39.9,116.413

google.nl
37.3956,-122.076
37.3956,-122.076
37.3956,-122.076
40.7488,-73.9846
37.3956,-122.076

tudou.com
39.9,116.413
37.3956,-122.076
31.109,121.368
39.9,116.413
31.109,121.368

steady-save.com

alipay.com
30.255,120.169
37.3956,-122.076
30.255,120.169
30.255,120.169
30.255,120.169

google.com.br
40.7488,-73.9846
37.3956,-122.076
37.3956,-122.076
37.3956,-122.076
37.3956,-122.076

storemexus.net

163.com
39.9,116.413
37.3956,-122.076
39.9,116.413
39.9,116.413

dailymotion.com
48.8567,2.35099
37.3956,-122.076
48.8567,2.35099

google.fr
37.3956,-122.076
37.3956,-122.076
37.3956,-122.076
40.7488,-73.9846
37.3956,-122.076

xforpills.ru

casinoelegance.com
48.8567,2.35099
37.3956,-122.076
45.5,-73.583

google.co.jp
40.7488,-73.9846
37.3956,-122.076
37.3956,-122.076
37.3956,-122.076
37.3956,-122.076

touchprorx.com

vkontakte.ru
55.7558,37.6176
37.3956,-122.076
56.333,44
55.7558,37.6176

espn.go.com
34.184,-118.317
37.3956,-122.076
26.3698,-80.1276

taobao.com
30.255,120.169
37.3956,-122.076
30.255,120.169

google.com.au
37.3956,-122.076
37.3956,-122.076
37.3956,-122.076
40.7488,-73.9846
37.3956,-122.076

pricechatrx.com

info-rating.net

pharmacypl20.com

amazon.com
40.7488,-73.9846
37.3956,-122.076
42.9832,-71.4517
42.9832,-71.4517
42.9832,-71.4517
42.9832,-71.4517
40.7488,-73.9846
40.7488,-73.9846
40.7488,-73.9846
37.7993,-122.24
37.7993,-122.24

leadpharmacy.com

cnzz.com
39.9,116.413
37.3956,-122.076
39.9,116.413

google.com.mx
37.3956,-122.076
37.3956,-122.076
40.7488,-73.9846
37.3956,-122.076
37.3956,-122.076

teenusoheigh.com

bbc.co.uk
51.517,-0.105
37.3956,-122.076
54.167,-4.48211
54.167,-4.48211
54.167,-4.48211

cnet.com
46.948,7.44815
37.3956,-122.076
40.7488,-73.9846
26.1284,-80.2105

tumblr.com
40.7488,-73.9846
37.3956,-122.076
37.7993,-122.24
40.7488,-73.9846
40.7488,-73.9846
37.7993,-122.24
40.7488,-73.9846

adobe.com
53.3441,-6.26749
37.3956,-122.076
37.3169,-121.874
37.3169,-121.874
35.6895,139.692

xhamster.com
52.35,4.917
37.3956,-122.076
52.35,4.917

medicaqch.ru

pillsrcen.ru

zedo.com
40.7488,-73.9846
37.3956,-122.076
40.7488,-73.9846
37.7993,-122.24
40.7488,-73.9846
37.7993,-122.24
40.7488,-73.9846

soso.com
39.133,117.2
22.283,114.15
22.533,114.133
37.3956,-122.076
42.7683,129.336
39.9,116.413
31.109,121.368
39.9,116.413
39.9,116.413
39.9,116.413

josemedic.ru

msn.com
40.7488,-73.9846
37.3956,-122.076
38.9048,-77.0354
40.7488,-73.9846
51.517,-0.105

pharmlead.net

ameblo.jp
35.7,139.767
37.3956,-122.076
35.7,139.767

healthstoreus.com

ebay.com
21.3084,-157.846
37.3956,-122.076
21.3084,-157.846
21.3084,-157.846
37.2849,-121.951

live.com
51.517,-0.105
37.3956,-122.076
40.7488,-73.9846
38.9048,-77.0354
40.7488,-73.9846

soundmeds.com

storefrontv.com

xvideos.com
41.4525,-81.9298
37.3956,-122.076
40.6594,-73.9625

ebay.co.uk
21.3084,-157.846
37.3956,-122.076
21.3084,-157.846
21.3084,-157.846
37.2849,-121.951

mediafire.com
47.6014,-122.33
37.3956,-122.076
47.6014,-122.33
47.6014,-122.33
47.6014,-122.33

youku.com
36,119
37.3956,-122.076
39.9,116.413
39.9,116.413
33,120

mail.ru
55.7558,37.6176
37.3956,-122.076
55.7558,37.6176
55.7558,37.6176
55.7558,37.6176
55.7558,37.6176
55.7558,37.6176

megaclick.com
45.4793,-122.689
37.3956,-122.076
52.35,4.917
52.3738,4.89093
38.9048,-77.0354

livejasmin.com
32.633,-16.9
37.3956,-122.076
32.633,-16.9

pillswov.com

google.com.hk
37.3956,-122.076
37.3956,-122.076
37.3956,-122.076
40.7488,-73.9846
37.3956,-122.076

google.co.in
37.3956,-122.076
37.3956,-122.076
40.7488,-73.9846
37.3956,-122.076
37.3956,-122.076

asepills.ru

google.com.sa
37.3956,-122.076
37.3956,-122.076
37.3956,-122.076
40.7488,-73.9846
37.3956,-122.076

google.co.id
37.3956,-122.076
37.3956,-122.076
40.7488,-73.9846
37.3956,-122.076
37.3956,-122.076

ropillsfx.ru

pillsnoad.ru

wordpress.org
32.7961,-96.8024
37.3956,-122.076
32.7961,-96.8024

twitter.com
42.9832,-71.4517
37.3956,-122.076
42.9832,-71.4517
42.9832,-71.4517
42.9832,-71.4517

onlinelovepills.com

google.de
37.3956,-122.076
37.3956,-122.076
40.7488,-73.9846
37.3956,-122.076
37.3956,-122.076

orderfasten.com

yahoo.com
25.017,121.45
37.3956,-122.076
19.0158,72.8599
38.9048,-77.0354
37.3779,-122.027
40.7488,-73.9846
37.3779,-122.027
-35.282,149.129

nullmedic.ru

yahoo.co.jp
35.6895,139.692
37.3956,-122.076
35.7,139.767

pharmarxng19.com

gate-refillrx365.ru
35.9712,-83.9539
37.3956,-122.076
37.3956,-122.076

apple.com
38.9048,-77.0354
37.3956,-122.076
38.9048,-77.0354
38.9048,-77.0354
37.7082,-122.052
37.7082,-122.052

babylon.com
38.9048,-77.0354
37.3956,-122.076
33.5677,-111.872

amazon.de
42.9832,-71.4517
37.3956,-122.076
42.9832,-71.4517
40.7488,-73.9846
37.7993,-122.24
40.7488,-73.9846

onlinelovepills.net

google.com.tr
40.7488,-73.9846
37.3956,-122.076
37.3956,-122.076
37.3956,-122.076
37.3956,-122.076

alibaba.com
37.3585,-121.963
37.3956,-122.076
30.255,120.169
37.3585,-121.963
30.255,120.169

pillsdxck.ru

get4meds.com

pillsmsli.ru

doubleclick.com
39.868,-104.971
37.3956,-122.076
39.868,-104.971
39.868,-104.971
39.868,-104.971

google.es
37.3956,-122.076
37.3956,-122.076
37.3956,-122.076
40.7488,-73.9846
37.3956,-122.076

aol.com
38.9623,-77.3442
37.3956,-122.076
37.3956,-122.076
40.7488,-73.9846
38.9623,-77.3442

qq.com
39.9,116.413
39.9,116.413
37.3956,-122.076
39.133,117.2
22.283,114.15
22.533,114.133
42.7683,129.336
39.9,116.413
31.109,121.368
39.9,116.413

paypal.com
38.9048,-77.0354
37.3956,-122.076
37.485,-122.248
37.485,-122.248

fajxpills.ru

google.co.uk
37.3956,-122.076
37.3956,-122.076
37.3956,-122.076
40.7488,-73.9846
37.3956,-122.076

addprorx.com

twitpic.com
42.9832,-71.4517
37.3956,-122.076
42.9832,-71.4517
42.9832,-71.4517
42.9832,-71.4517

megaupload.com
52.35,4.917
37.3956,-122.076
45.4793,-122.689
38.9048,-77.0354
52.3738,4.89093

medicaqar.ru

youtube.com
37.3956,-122.076
37.3956,-122.076
40.7488,-73.9846
37.3956,-122.076
37.3956,-122.076

sohu.com
39.9,116.413
37.3956,-122.076
39.9,116.413
39.9,116.413
42.7683,129.336

rakuten.co.jp
35.6895,139.692
37.3956,-122.076
35.7,139.767
35.7,139.767
35.6895,139.692

myspace.com
39.7761,-105.015
37.3956,-122.076
37.3779,-122.027
37.3779,-122.027
39.9135,-105.093
40.7488,-73.9846
40.7488,-73.9846

google.ru
40.7488,-73.9846
37.3956,-122.076
37.3956,-122.076
37.3956,-122.076
37.3956,-122.076

gejxpills.ru

hot-refillrx365.ru

linkedin.com
40.7488,-73.9846
37.3956,-122.076
40.7488,-73.9846
37.7993,-122.24
40.7488,-73.9846
37.7993,-122.24
40.7488,-73.9846

medicaqci.ru

thepiratebay.org
59.3328,18.0645
37.3956,-122.076
52.35,4.917
52.35,4.917
59.3328,18.0645
52.5234,13.4114

bing.com
38.9048,-77.0354
37.3956,-122.076
40.7488,-73.9846
40.7488,-73.9846
51.517,-0.105

weibo.com
39.9,116.413
37.3956,-122.076
39.9,116.413
42.7683,129.336
39.9,116.413

smyvdoctor.ru

livedoor.com
35.7,139.767
37.3956,-122.076
35.7,139.767
35.7,139.767
35.7,139.767
35.7,139.767
35.7,139.767

us-search-shop.com

facebook.com
44.0096,-121.331
37.3956,-122.076
37.4404,-122.14
37.4404,-122.14
38.9048,-77.0354
38.9048,-77.0354

pornhub.com
38.9048,-77.0354
37.3956,-122.076
40.7488,-73.9846
38.9048,-77.0354

badoo.com
35.1667,33.3667
37.3956,-122.076
37.7002,-122.406
54.167,-4.48211
50.0878,14.4205
54.167,-4.48211

mupills.com

leadpharm.net

pupillsfx.ru

rxpharmacyte27.ru

livejournal.com
37.7002,-122.406
37.3956,-122.076
37.7002,-122.406
37.7002,-122.406

pharmacylivx.ru

uol.com.br
-22.9,-43.233
37.3956,-122.076
-22.9,-43.233
-22.9,-43.233

meds-123.ru

medickw.ru

topmostoutlet.com

godaddy.com
40.7488,-73.9846
37.3956,-122.076
38.9048,-77.0354
33.5677,-111.872

pillstole.ru

go.com
47.6014,-122.33
37.3956,-122.076
26.5225,-80.09
26.5225,-80.09
47.6014,-122.33

pushmedic.ru

ebay.de
21.3084,-157.846
37.3956,-122.076
37.2849,-121.951
21.3084,-157.846
21.3084,-157.846

fc2.com
36.1543,-115.172
37.3956,-122.076
36.1543,-115.172
36.1543,-115.172

google.ca
37.3956,-122.076
37.3956,-122.076
37.3956,-122.076
40.7488,-73.9846
37.3956,-122.076

imdb.com
40.7488,-73.9846
37.3956,-122.076
40.7488,-73.9846
40.7488,-73.9846
40.7488,-73.9846
37.7993,-122.24
37.7993,-122.24

google.com
40.7488,-73.9846
37.3956,-122.076
37.3956,-122.076
37.3956,-122.076
37.3956,-122.076

